name	nAnno	nOverlap	fc	zscore	pvalue	adjp	or	CIl	CIu
DOID:1380	endometrial cancer	143	56	1.58	4	9.5e-05	0.034	1.98	1.38	2.81
DOID:2871	endometrial carcinoma	134	53	1.59	3.98	0.00011	0.034	2.01	1.39	2.89
DOID:363	uterine cancer	144	56	1.56	3.94	0.00012	0.034	1.95	1.37	2.78
