name	nAnno	nOverlap	fc	zscore	pvalue	adjp	or	CIl	CIu
DOID:10652	Alzheimer's disease	395	14	2.79	4.15	0.00041	0.043	3.2	1.65	5.77
DOID:680	tauopathy	398	14	2.77	4.12	0.00045	0.043	3.17	1.64	5.72
