name	nAnno	nOverlap	fc	zscore	pvalue	adjp	or	CIl	CIu
DOID:5419	schizophrenia	635	34	1.95	4.23	9.8e-05	0.019	2.22	1.47	3.27
DOID:2468	psychotic disorder	637	34	1.95	4.21	1e-04	0.019	2.21	1.47	3.26
DOID:184	bone cancer	230	17	2.7	4.39	0.00018	0.021	3.01	1.68	5.07
DOID:3347	osteosarcoma	214	16	2.73	4.31	0.00024	0.022	3.03	1.66	5.19
