name	nAnno	nOverlap	fc	zscore	pvalue	adjp	or	CIl	CIu
DOID:2986	IgA glomerulonephritis	78	5	9.76	6.32	0.00014	0.013	11.5	3.44	30.2
DOID:2921	glomerulonephritis	142	6	6.43	5.32	3e-04	0.013	7.52	2.56	18.3
DOID:10952	nephritis	200	7	5.33	5.05	0.00029	0.013	6.28	2.34	14.4
DOID:10316	pneumoconiosis	33	3	13.8	6.01	0.0013	0.039	16.1	3.03	54.9
