name	nAnno	nOverlap	fc	zscore	pvalue	adjp	or	CIl	CIu
DOID:3275	thymoma	26	3	23.1	7.99	0.00028	0.011	28.2	5.17	101
DOID:3277	thymus cancer	31	3	19.4	7.26	0.00047	0.011	23.2	4.29	81.1
