name	nAnno	nOverlap	fc	zscore	pvalue	adjp	or	CIl	CIu
MP:0005070	impaired natural killer cell mediated cytotoxicity	56	3	31.1	9.38	0.00011	0.0026	40	7.1	152
MP:0004003	abnormal vascular endothelial cell physiology	57	3	30.5	9.29	0.00012	0.0026	39.3	6.98	148
MP:0011719	abnormal natural killer cell mediated cytotoxicity	59	3	29.5	9.12	0.00013	0.0026	37.8	6.73	143
MP:0010766	abnormal NK cell physiology	99	3	17.6	6.89	6e-04	0.0091	22	3.96	81.8
