name	nAnno	nOverlap	fc	zscore	pvalue	adjp	or	CIl	CIu
MP:0002334	abnormal airway responsiveness	47	5	10.1	6.44	0.00013	0.047	11.7	3.53	30.4
MP:0002330	abnormal bronchial provocation	48	5	9.86	6.36	0.00014	0.047	11.4	3.45	29.7
