name	nAnno	nOverlap	fc	zscore	pvalue	adjp	or	CIl	CIu
DOID:5419	schizophrenia	635	8	3.68	4.15	0.00087	0.019	5.06	1.87	12.6
DOID:2468	psychotic disorder	637	8	3.66	4.14	0.00088	0.019	5.04	1.86	12.5
