name	nAnno	nOverlap	fc	zscore	pvalue	adjp	or	CIl	CIu
DOID:2476	hereditary spastic paraplegia	18	3	23.8	8.14	0.00024	0.024	30.1	5.4	112
DOID:607	paraplegia	24	3	17.9	6.95	0.00059	0.029	21.5	3.97	75.8
