name	nAnno	nOverlap	fc	zscore	pvalue	adjp	or	CIl	CIu
DOID:332	amyotrophic lateral sclerosis	153	12	3.31	4.5	0.00026	0.045	3.7	1.83	6.85
DOID:231	motor neuron disease	183	13	3	4.26	0.00038	0.045	3.33	1.7	6.02
