name	nAnno	nOverlap	fc	zscore	pvalue	adjp	or	CIl	CIu
DOID:5419	schizophrenia	635	31	2	4.18	0.00013	0.0087	2.28	1.48	3.42
DOID:2468	psychotic disorder	637	31	1.99	4.16	0.00013	0.0087	2.27	1.48	3.41
DOID:1561	cognitive disorder	812	37	1.87	4.15	0.00011	0.0087	2.16	1.45	3.15
DOID:150	disease of mental health	1255	49	1.6	3.7	0.00033	0.016	1.87	1.31	2.65
