name	nAnno	nOverlap	fc	zscore	pvalue	adjp	or	CIl	CIu
HP:0000455	Broad nasal tip	95	3	18.5	7.14	0.00036	0.033	36.9	4.88	279
HP:0000341	Narrow forehead	116	3	15.1	6.4	0.00065	0.033	29.9	3.96	225
