name	nAnno	nOverlap	fc	zscore	pvalue	adjp	or	CIl	CIu
MP:0013960	decreased large intestine length	22	3	24.8	8.31	0.00022	0.042	30.2	5.55	108
MP:0013956	decreased colon length	22	3	24.8	8.31	0.00022	0.042	30.2	5.55	108
