name	nAnno	nOverlap	fc	zscore	pvalue	adjp	or	CIl	CIu
DOID:13580	cholestasis	60	6	9.46	6.8	3.6e-05	0.0069	11.2	3.81	27.3
DOID:4138	bile duct disease	83	6	6.84	5.53	0.00023	0.015	7.84	2.7	18.7
DOID:9741	biliary tract disease	84	6	6.76	5.49	0.00024	0.015	7.74	2.67	18.5
DOID:1852	intrahepatic cholestasis	18	3	15.8	6.48	0.00083	0.04	19.4	3.53	70.8
