name	nAnno	nOverlap	fc	zscore	pvalue	adjp	or	CIl	CIu
MP:0020386	adipose tissue inflammation	12	4	16.8	7.79	6.5e-05	0.041	25.2	5.5	95.2
MP:0001102	small superior vagus ganglion	22	5	11.5	6.99	5.8e-05	0.041	14.9	4.25	42.7
MP:0001101	abnormal superior vagus ganglion morphology	25	5	10.1	6.47	0.00011	0.042	12.7	3.67	35.3
MP:0008885	increased enterocyte apoptosis	26	5	9.7	6.32	0.00014	0.042	12.1	3.51	33.4
