name	nAnno	nOverlap	fc	zscore	pvalue	adjp	or	CIl	CIu
MP:0013274	abnormal vitamin or vitamin cofactor metabolism	13	3	23.3	8.04	0.00025	0.043	30.9	5.37	123
MP:0013244	abnormal vitamin metabolism	13	3	23.3	8.04	0.00025	0.043	30.9	5.37	123
MP:0011233	abnormal vitamin A metabolism	13	3	23.3	8.04	0.00025	0.043	30.9	5.37	123
MP:0005400	abnormal vitamin level	58	5	8.69	5.88	0.00026	0.043	9.9	3.01	25.5
