name	nAnno	nOverlap	fc	zscore	pvalue	adjp	or	CIl	CIu
DOID:4972	myelodysplastic/myeloproliferative neoplasm	19	3	16.3	6.59	0.00076	0.042	19.9	3.63	72
DOID:0050458	juvenile myelomonocytic leukemia	19	3	16.3	6.59	0.00076	0.042	19.9	3.63	72
