name	nAnno	nOverlap	fc	zscore	pvalue	adjp	or	CIl	CIu
MP:0002497	increased IgE level	85	3	18.2	7.02	0.00055	0.027	22.4	4.07	81.2
MP:0008499	increased IgG1 level	99	3	15.6	6.45	0.00086	0.027	19.1	3.48	69
MP:0020175	abnormal IgG1 level	232	4	8.89	5.36	0.00088	0.027	11.3	2.69	36.4
