name	nAnno	nOverlap	fc	zscore	pvalue	adjp	or	CIl	CIu
DOID:0060038	specific developmental disorder	242	9	4.13	4.73	0.00028	0.018	4.79	2.06	9.94
DOID:0060037	developmental disorder of mental health	393	12	3.39	4.65	0.00016	0.018	4.05	1.95	7.78
