name	nAnno	nOverlap	fc	zscore	pvalue	adjp	or	CIl	CIu
DOID:3113	papillary carcinoma	39	6	13.1	8.27	5.1e-06	0.00098	16.4	5.47	41.4
DOID:4531	mucoepidermoid carcinoma	25	4	13.7	6.9	0.00018	0.018	16.8	4.1	51.4
