name	nAnno	nOverlap	fc	zscore	pvalue	adjp	or	CIl	CIu
MP:0000743	muscle spasm	74	5	12.5	7.34	4.5e-05	0.0089	14.7	4.43	38.6
MP:0009046	muscle twitch	77	5	12.1	7.17	5.5e-05	0.0089	14.1	4.25	36.9
MP:0000291	enlarged pericardium	58	4	12.8	6.63	0.00026	0.027	14.8	3.73	42.6
MP:0000947	convulsive seizures	175	6	6.36	5.27	0.00033	0.027	7.31	2.51	17.5
