name	nAnno	nOverlap	fc	zscore	pvalue	adjp	or	CIl	CIu
DOID:883	parasitic helminthiasis infectious disease	34	3	14.7	6.22	0.0011	0.04	17.2	3.22	58.8
DOID:289	endometriosis	258	7	4.52	4.48	0.00076	0.04	5.34	1.98	12.4
DOID:5614	eye disease	531	10	3.14	3.98	0.00093	0.04	3.86	1.68	8.1
DOID:1492	eye and adnexa disease	537	10	3.1	3.94	0.001	0.04	3.81	1.66	8
