name	nAnno	nOverlap	fc	zscore	pvalue	adjp	or	CIl	CIu
MP:0013405	increased circulating lactate level	13	3	28.6	8.97	0.00014	0.033	38.2	6.62	153
MP:0010954	abnormal cellular respiration	134	7	6.46	5.75	9.8e-05	0.033	7.35	2.79	16.4
MP:0006037	abnormal mitochondrial fission	15	3	24.7	8.31	0.00022	0.034	31.8	5.65	121
MP:0010955	abnormal respiratory electron transport chain	78	5	7.93	5.55	4e-04	0.048	8.93	2.73	22.8
