name	nAnno	nOverlap	fc	zscore	pvalue	adjp	or	CIl	CIu
DOID:1428	endocrine pancreas disease	68	3	25.7	8.49	0.00018	0.0015	35.4	6.03	146
DOID:26	pancreas disease	173	4	13.5	6.89	0.00015	0.0015	20.1	4.4	76.1
DOID:28	endocrine system disease	358	4	6.52	4.44	0.0024	0.014	9.36	2.05	35.2
