name	nAnno	nOverlap	fc	zscore	pvalue	adjp	or	CIl	CIu
DOID:3627	aortic aneurysm	50	4	11.9	6.37	0.00033	0.029	14	3.49	40.8
DOID:520	aortic disease	51	4	11.7	6.29	0.00035	0.029	13.7	3.42	39.9
