name nAnno nOverlap fc zscore pvalue adjp or CIl CIu
DOID:4972 myelodysplastic/myeloproliferative neoplasm 19 3 17.3 6.82 0.00064 0.037 21.2 3.86 77
DOID:0050458 juvenile myelomonocytic leukemia 19 3 17.3 6.82 0.00064 0.037 21.2 3.86 77
