name	nAnno	nOverlap	fc	zscore	pvalue	adjp	or	CIl	CIu
HP:0012092	Abnormality of exocrine pancreas physiology	43	8	7.02	6.55	1.2e-05	0.0086	9.08	3.53	20.7
HP:0001738	Exocrine pancreatic insufficiency	32	6	7.08	5.7	0.00015	0.036	8.98	2.95	23.1
HP:0012091	Abnormality of pancreas physiology	110	11	3.77	4.88	0.00012	0.036	4.49	2.09	8.81
