name	nAnno	nOverlap	fc	zscore	pvalue	adjp	or	CIl	CIu
DOID:3324	mood disorder	166	9	4	4.58	0.00039	0.029	4.5	1.95	9.16
DOID:1561	cognitive disorder	812	23	2.09	3.87	4e-04	0.029	2.48	1.47	4.03
DOID:3312	bipolar disorder	153	8	3.85	4.19	0.0011	0.037	4.29	1.76	9.05
DOID:150	disease of mental health	1255	30	1.76	3.49	0.00083	0.037	2.14	1.33	3.36
