name	nAnno	nOverlap	fc	zscore	pvalue	adjp	or	CIl	CIu
MP:0005445	abnormal neurotransmitter secretion	82	5	15.7	8.35	1.4e-05	0.0023	19.2	5.67	51.5
MP:0003122	maternal imprinting	25	3	30.9	9.35	0.00012	0.0091	38	6.95	136
MP:0003990	decreased neurotransmitter release	36	3	21.5	7.68	0.00035	0.018	25.3	4.74	87.2
MP:0003121	genetic imprinting	47	3	16.5	6.63	0.00077	0.03	19	3.59	64
