name nAnno nOverlap fc zscore pvalue adjp or CIl CIu
HP:0001763 Pes planus 200 6 6.19 5.28 0.00023 0.033 9.26 2.78 27.7
HP:0000177 Abnormality of upper lip 601 10 3.44 4.57 0.00012 0.033 7.01 2.4 21.8
