name nAnno nOverlap fc zscore pvalue adjp or CIl CIu
HP:0006808 Cerebral hypomyelination 41 4 12.7 6.62 0.00023 0.043 16.1 3.87 50.7
HP:0003429 CNS hypomyelination 71 5 9.15 6.11 0.00017 0.043 11.7 3.37 33.1
