name	nAnno	nOverlap	fc	zscore	pvalue	adjp	or	CIl	CIu
HP:0001308	Tongue fasciculations	45	4	14.2	7.07	0.00015	0.014	18.6	4.39	60.1
HP:0002380	Fasciculations	71	5	11.2	6.92	5.9e-05	0.014	15.2	4.26	44.6
HP:0010546	Muscle fibrillation	47	4	13.6	6.89	0.00017	0.014	17.7	4.19	57.1
HP:0030810	Abnormal tongue physiology	58	4	11	6.1	0.00039	0.023	14.1	3.36	44.7
