name	nAnno	nOverlap	fc	zscore	pvalue	adjp	or	CIl	CIu
DOID:10652	Alzheimer's disease	395	10	3.22	4.05	0.00087	0.04	3.79	1.69	7.69
DOID:680	tauopathy	398	10	3.2	4.02	0.00092	0.04	3.75	1.67	7.63
