name	nAnno	nOverlap	fc	zscore	pvalue	adjp	or	CIl	CIu
DOID:1441	autosomal dominant cerebellar ataxia	32	4	11.7	6.29	0.00035	0.038	13.9	3.44	41.1
DOID:0050951	hereditary ataxia	64	5	7.29	5.26	0.00057	0.038	8.31	2.52	21.4
