name nAnno nOverlap fc zscore pvalue adjp or CIl CIu
HP:0001270 Motor delay 395 8 4.74 5.17 7.6e-05 0.025 9.17 2.89 29.9
HP:0007362 Aplasia/Hypoplasia of the brainstem 78 4 12 6.44 0.00026 0.028 16.8 3.8 58.2
HP:0002365 Hypoplasia of the brainstem 78 4 12 6.44 0.00026 0.028 16.8 3.8 58.2
