name	nAnno	nOverlap	fc	zscore	pvalue	adjp	or	CIl	CIu
HP:0100871	Abnormality of the palm	307	5	7.15	5.39	0.00022	0.039	17.6	3.41	114
HP:0009887	Abnormality of hair pigmentation	99	3	13.3	5.93	0.0011	0.048	21.2	3.25	111
HP:0004279	Short palm	99	3	13.3	5.93	0.0011	0.048	21.2	3.25	111
HP:0040211	Abnormality of the skin of the palm	212	4	8.28	5.22	0.00075	0.048	15.8	2.92	85.3
