name nAnno nOverlap fc zscore pvalue adjp or CIl CIu
HP:0001065 Striae distensae 20 4 14.9 7.28 0.00012 0.048 20 4.66 65.4
HP:0100679 Lack of skin elasticity 40 5 9.34 6.18 0.00016 0.048 11.6 3.39 31.9
