name nAnno nOverlap fc zscore pvalue adjp or CIl CIu
DOID:2030 anxiety disorder 63 4 12.3 6.5 0.00028 0.013 14.6 3.64 43.1
DOID:594 panic disorder 36 3 16.2 6.58 0.00079 0.018 19.1 3.57 65.6
DOID:150 disease of mental health 1255 14 2.17 3.29 0.0024 0.038 2.93 1.38 6.02
